epoch  train loss  valid loss  accuracy
0      0.288493    0.198744    0.920491
1      0.187117    0.176922    0.926894
2      0.144619    0.171417    0.932764
3      0.113591    0.150539    0.946105
4      0.104744    0.169158    0.941836
5      0.095638    0.157643    0.939701
6      0.081356    0.202990    0.940235
7      0.074765    0.229783    0.934899
8      0.066199    0.177333    0.949306
9      0.061522    0.231134    0.943437
10     0.056341    0.216172    0.944504
11     0.044092    0.221400    0.945571
12     0.044551    0.289301    0.943970
13     0.037430    0.263752    0.941302
14     0.041974    0.329184    0.941836
15     0.044324    0.212079    0.942369
16     0.030536    0.244602    0.943970
17     0.030170    0.276628    0.944504
18     0.026855    0.264246    0.943437
19     0.033106    0.212637    0.949306
20     0.027756    0.272396    0.950374
21     0.026407    0.205314    0.950374
22     0.041161    0.174560    0.951441
23     0.020056    0.235928    0.948239
24     0.026938    0.213066    0.955176
25     0.030637    0.350352    0.930630
26     0.021328    0.245459    0.952508
27     0.020988    0.261154    0.956243
28     0.022224    0.357650    0.931697
29     0.023657    0.269441    0.951441
30     0.019136    0.288601    0.943970
31     0.020182    0.365204    0.943970
32     0.018939    0.270389    0.951974
33     0.013956    0.266055    0.954642
34     0.022292    0.238803    0.953575
35     0.023096    0.239118    0.956243
36     0.014403    0.275141    0.951974
37     0.022123    0.246595    0.951974
38     0.019559    0.259883    0.952508
39     0.020241    0.285937    0.950907
40     0.028171    0.249950    0.951441
41     0.012951    0.217593    0.953042
42     0.015390    0.257444    0.950374
43     0.021952    0.258087    0.951441
44     0.017552    0.263611    0.955176
45     0.022396    0.252597    0.953042
46     0.013782    0.308949    0.943437
47     0.012168    0.257951    0.955176
48     0.017023    0.258034    0.951441
49     0.013144    0.274920    0.954642
50     0.012198    0.244769    0.954642
51     0.013621    0.265615    0.956777
52     0.018835    0.317172    0.946105
53     0.017819    0.337146    0.935966
54     0.010237    0.285980    0.958911
55     0.012583    0.317366    0.947705
56     0.022397    0.241807    0.951974
57     0.013167    0.288449    0.947172
58     0.010906    0.302763    0.950374
59     0.015492    0.231068    0.955710
60     0.015187    0.283892    0.952508
61     0.014715    0.293501    0.956243
62     0.016699    0.354338    0.951441
63     0.011541    0.279552    0.956243
64     0.012912    0.282676    0.949840
65     0.007496    0.237054    0.958911
66     0.007399    0.302652    0.950374
67     0.012764    0.285072    0.956777
68     0.011340    0.285716    0.955710
69     0.012299    0.360023    0.953042
70     0.012763    0.227324    0.956243
71     0.022083    0.288040    0.953575
72     0.015610    0.245586    0.957844
73     0.010967    0.264925    0.952508
74     0.008135    0.290905    0.949840
75     0.007511    0.299025    0.956777
76     0.014105    0.314633    0.951974
77     0.013543    0.335713    0.949306
78     0.007884    0.345390    0.947705
79     0.008196    0.274855    0.953575
80     0.021716    0.202011    0.958911
81     0.010438    0.272726    0.954109
82     0.006578    0.261411    0.956777
83     0.007839    0.278688    0.955176
84     0.012056    0.263860    0.956243
85     0.010154    0.324696    0.950907
86     0.008070    0.306535    0.956243
87     0.011379    0.334599    0.949306
88     0.011242    0.307046    0.950374
89     0.006080    0.339012    0.950374
90     0.005889    0.390323    0.951974
91     0.008171    0.348011    0.957311
92     0.010722    0.412712    0.945037
93     0.007799    0.297377    0.953575
94     0.015312    0.296489    0.955710
95     0.009269    0.367487    0.947172
96     0.011265    0.314022    0.950907
97     0.006840    0.311926    0.956243
98     0.013267    0.379208    0.954642
99     0.012717    0.299834    0.954109
